mission,
atraya,
,
,
,
,
, 
,
,
,
,
,
,
,
,