name,id,designation,tech/manufacturer,system id,fleet pts,hitpoints,armor rating,max flux,8/6/5/4%,flux dissipation,ordnance points,fighter bays,max speed,acceleration,deceleration,max turn rate,turn acceleration,mass,shield type,defense id,shield arc,shield upkeep,shield efficiency,phase cost,phase upkeep,min crew,max crew,cargo,fuel,fuel/ly,range,max burn,base value,cr %/day,CR to deploy,peak CR sec,CR loss/sec,supplies/rec,supplies/mo,c/s,c/f,f/s,f/f,crew/s,crew/f,hints,tags,rarity,breakProb,minPieces,maxPieces,travel drive,number
#,,,,,,,,,,,,,,,,,,,,,,,,,,,,,,,,,,,,,,,,,,,,,,,,,,,,,
#KNIGHTS OF LUDD,,,,,,,,,,,,,,,,,,,,,,,,,,,,,,,,,,,,,,,,,,,,,,,,,,,,,
#,,,,,,,,,,,,,,,,,,,,,,,,,,,,,,,,,,,,,,,,,,,,,,,,,,,,,
#FIGHTERS,,,,,,,,,,,,,,,,,,,,,,,,,,,,,,,,,,,,,,,,,,,,,,,,,,,,,
Hex USV,kol_hex,,,,,600,150,150,,35,,,200,300,300,175,300,7,NONE,,120,0,1,,,0,0,,,,,,,,,,,,,,,,,,,,,,0,,,,
#FRIGATES,,,,,,,,,,,,,,,,,,,,,,,,,,,,,,,,,,,,,,,,,,,,,,,,,,,,,
Sundew,kol_sundew,Frigate,Knights of Ludd,kol_lunge,5,2000,250,2200,0,200,60,,100,80,60,45,60,240,FRONT,,120,0.2,0.8,,,5,100,70,40,1,40,9,9000,5,15,180,0.25,6,6,,,,,,,SHIP_WITH_MODULES,knights_of_selkie_bp,,0.5,2,2,,
Protea,kol_protea,Frigate,Knights of Ludd,kol_drone_strike,8,2000,200,2500,0,220,65,2,150,170,150,135,190,220,FRONT,,135,0.2,0.8,,,25,35,20,20,2,20,10,25000,8,25,180,0.25,7,7,,,,,,,,rare_bp,0.75,0.5,2,2,,
#DESTROYERS,,,,,,,,,,,,,,,,,,,,,,,,,,,,,,,,,,,,,,,,,,,,,,,,,,,,,
Marigold,kol_marigold,Destroyer,Knights of Ludd,damper,9,4000,550,3750,0,225,85,,90,80,65,35,70,325,FRONT,,100,0.3,0.8,,,30,50,50,25,1,25,10,32000,8,10,240,0.25,14,14,,,,,,,SHIP_WITH_MODULES,knights_of_selkie_bp,,0.4,2,2,,
Mimosa,kol_mimosa,Gunship,Knights of Ludd,kol_lidar_smol,9,4750,700,4500,0,250,105,,80,70,50,35,55,400,PHASE,canister_flak,,,,,,50,80,80,50,2,25,9,45000,5,12,420,0.25,14,14,,,,,,,SHIP_WITH_MODULES,"knights_of_selkie_bp, special_allows_system_use, system_allows_special_use",0.5,0.4,2,3,,
Snowdrop,kol_snowdrop,Heavy Destroyer,Knights of Ludd,kol_onion,14,3000,600,4500,0,350,70,,110,95,100,55,80,350,PHASE,kol_damper,,,,,,30,50,50,30,1,30,10,160000,8,10,300,0.25,16,16,,,,,,,SHIP_WITH_MODULES,"rare_bp, special_allows_system_use, system_allows_special_use",0.75,0.4,2,2,,
#CRUISERS,,,,,,,,,,,,,,,,,,,,,,,,,,,,,,,,,,,,,,,,,,,,,,,,,,,,,
Tamarisk,kol_tamarisk,Cruiser,Knights of Ludd,kol_hellfire,20,8750,950,9000,0,400,150,,65,50,35,25,20,1400,FRONT,,100,0.4,0.8,,,120,170,100,120,4,30,9,100000,4,12,540,0.25,22,22,,,,,,,SHIP_WITH_MODULES,knights_of_selkie_bp,,0.5,2,4,,
Larkspur,kol_larkspur,Cruiser,Knights of Ludd,kol_lunge,20,8500,750,9000,0,550,150,,65,50,40,30,25,1400,FRONT,,100,0.4,1,,,120,170,100,120,4,30,9,125000,4,12,540,0.25,24,24,,,,,,,SHIP_WITH_MODULES,rare_bp,,0.5,2,4,,
Lotus,kol_lotus,Missile Cruiser,Knights of Ludd,forgevats,16,8000,950,8500,0,250,150,,55,40,40,25,20,1200,FRONT,,100,0.5,0.8,,,150,250,120,80,3,27,8,110000,4,12,480,0.25,20,20,,,,,,,SHIP_WITH_MODULES,knights_of_selkie_bp,,0.5,2,3,,
#CAPITALS,,,,,,,,,,,,,,,,,,,,,,,,,,,,,,,,,,,,,,,,,,,,,,,,,,,,,
Lunaria,kol_lunaria,Battleship,Knights of Ludd,kol_lidar,40,18000,1300,18000,0,750,275,,36,18,16,10,6,2500,FRONT,,100,0.4,0.8,,,600,1100,300,360,12,30,7,400000,4,12,660,0.25,50,50,,,,,,,SHIP_WITH_MODULES,rare_bp,,0.4,2,3,,
Alysse,kol_alysse,Fast Battleship,Knights of Ludd,kol_onion,34,18000,1150,12000,0,650,255,,42,21,20,15,12,2000,PHASE,kol_damper,,0.4,,,,475,800,250,360,12,30,7,400000,3,12,600,0.25,50,50,,,,,,,SHIP_WITH_MODULES,"rare_bp, special_allows_system_use, system_allows_special_use",,0.4,2,4,,
#,,,,,,,,,,,,,,,,,,,,,,,,,,,,,,,,,,,,,,,,,,,,,,,,,,,,,
#MODULES,,,,,,,,,,,,,,,,,,,,,,,,,,,,,,,,,,,,,,,,,,,,,,,,,,,,,
#,,,,,,,,,,,,,,,,,,,,,,,,,,,,,,,,,,,,,,,,,,,,,,,,,,,,,
#,,,PROTEA,,,,,,,,,,,,,,,,,,,,,,,,,,,,,,,,,,,,,,,,,,,,,,,,,,
#,,,SNOWDROP,,,,,,,,,,,,,,,,,,,,,,,,,,,,,,,,,,,,,,,,,,,,,,,,,,
Top Left,kol_snowdrop_tl,,,kol_canister_flak,0,1100,5400,1000,,1000,1,,50,50,50,50,50,400,NONE,,,,,,,,,,,,,,,,10,,,0,0,,,,,,,"UNBOARDABLE, HIDE_IN_CODEX","module_hull_bar_only, module_unselectable, module_refit_bright, no_autofit",,1,2,2,,
Top Right,kol_snowdrop_tr,,,kol_canister_flak,0,1100,5400,1000,,1000,1,,50,50,50,50,50,400,NONE,,,,,,,,,,,,,,,,10,,,0,0,,,,,,,"UNBOARDABLE, HIDE_IN_CODEX","module_hull_bar_only, module_unselectable, module_refit_bright, no_autofit",,1,2,2,,
Lower Left,kol_snowdrop_ll,,,kol_canister_flak,0,300,3700,1000,,1000,1,,50,50,50,50,50,400,NONE,,,,,,,,,,,,,,,,10,,,0,0,,,,,,,"UNBOARDABLE, HIDE_IN_CODEX","module_hull_bar_only, module_unselectable, module_refit_bright, no_autofit",,1,2,2,,
Lower Right,kol_snowdrop_lr,,,kol_canister_flak,0,300,3700,1000,,1000,1,,50,50,50,50,50,400,NONE,,,,,,,,,,,,,,,,10,,,0,0,,,,,,,"UNBOARDABLE, HIDE_IN_CODEX","module_hull_bar_only, module_unselectable, module_refit_bright, no_autofit",,1,2,2,,
#,,,SUNDEW,,,,,,,,,,,,,,,,,,,,,,,,,,,,,,,,,,,,,,,,,,,,,,,,,,
Top Left,kol_sundew_tl,,,kol_simpleflare,0,1500,2400,1,,1,1,,50,50,50,50,50,400,NONE,,,,,,,,,,,,,,,,10,,,0,0,,,,,,,"UNBOARDABLE, HIDE_IN_CODEX","module_hull_bar_only, module_unselectable, module_refit_bright, no_autofit",,1,2,2,,
Top Right,kol_sundew_tr,,,kol_simpleflare,0,1500,2400,1,,1,1,,50,50,50,50,50,400,NONE,,,,,,,,,,,,,,,,10,,,0,0,,,,,,,"UNBOARDABLE, HIDE_IN_CODEX","module_hull_bar_only, module_unselectable, module_refit_bright, no_autofit",,1,2,2,,
#,,,MARIGOLD,,,,,,,,,,,,,,,,,,,,,,,,,,,,,,,,,,,,,,,,,,,,,,,,,,
Top Left,kol_marigold_tl,,,kol_simpleflare,0,1500,2400,1,,1,1,,50,50,50,50,50,400,NONE,,,,,,,,,,,,,,,,10,,,0,0,,,,,,,"UNBOARDABLE, HIDE_IN_CODEX","module_hull_bar_only, module_unselectable, module_refit_bright, no_autofit",,1,2,2,,
Top Right,kol_marigold_tr,,,kol_simpleflare,0,1500,2400,1,,1,1,,50,50,50,50,50,400,NONE,,,,,,,,,,,,,,,,10,,,0,0,,,,,,,"UNBOARDABLE, HIDE_IN_CODEX","module_hull_bar_only, module_unselectable, module_refit_bright, no_autofit",,1,2,2,,
#,,,MIMOSA,,,,,,,,,,,,,,,,,,,,,,,,,,,,,,,,,,,,,,,,,,,,,,,,,,
Top Left,kol_mimosa_tl,,,,0,1500,4800,1,,1,1,,50,50,50,50,50,400,NONE,,,,,,,,,,,,,,,,10,,,0,0,,,,,,,"UNBOARDABLE, HIDE_IN_CODEX","module_hull_bar_only, module_unselectable, module_refit_bright, no_autofit",,1,2,2,,
Top Right,kol_mimosa_tr,,,,0,1500,4800,1,,1,1,,50,50,50,50,50,400,NONE,,,,,,,,,,,,,,,,10,,,0,0,,,,,,,"UNBOARDABLE, HIDE_IN_CODEX","module_hull_bar_only, module_unselectable, module_refit_bright, no_autofit",,1,2,2,,
#,,,LARKSPUR,,,,,,,,,,,,,,,,,,,,,,,,,,,,,,,,,,,,,,,,,,,,,,,,,,
Top Left,kol_larkspur_tl,,,kol_canister_flak,0,1800,5000,1000,,1000,1,,50,50,50,50,50,400,NONE,,,,,,,,,,,,,,,,10,,,0,0,,,,,,,"UNBOARDABLE, HIDE_IN_CODEX","module_hull_bar_only, module_unselectable, module_refit_bright, no_autofit",,1,2,2,,
Top Right,kol_larkspur_tr,,,kol_canister_flak,0,1800,5000,1000,,1000,1,,50,50,50,50,50,400,NONE,,,,,,,,,,,,,,,,10,,,0,0,,,,,,,"UNBOARDABLE, HIDE_IN_CODEX","module_hull_bar_only, module_unselectable, module_refit_bright, no_autofit",,1,2,2,,
#,,,LOTUS,,,,,,,,,,,,,,,,,,,,,,,,,,,,,,,,,,,,,,,,,,,,,,,,,,
Top Left,kol_lotus_tl,,,,0,1800,5000,1,,1,1,,50,50,50,50,50,400,NONE,,,,,,,,,,,,,,,,10,,,0,0,,,,,,,"UNBOARDABLE, HIDE_IN_CODEX","module_hull_bar_only, module_unselectable, module_refit_bright, no_autofit",,1,2,2,,
Top Right,kol_lotus_tr,,,,0,1800,5000,1,,1,1,,50,50,50,50,50,400,NONE,,,,,,,,,,,,,,,,10,,,0,0,,,,,,,"UNBOARDABLE, HIDE_IN_CODEX","module_hull_bar_only, module_unselectable, module_refit_bright, no_autofit",,1,2,2,,
Lower Left,kol_lotus_ll,,,,0,1500,2700,1,,1,1,,50,50,50,50,50,400,NONE,,,,,,,,,,,,,,,,10,,,0,0,,,,,,,"UNBOARDABLE, HIDE_IN_CODEX","module_hull_bar_only, module_unselectable, module_refit_bright, no_autofit",,1,2,2,,
Lower Right,kol_lotus_lr,,,,0,1500,2700,1,,1,1,,50,50,50,50,50,400,NONE,,,,,,,,,,,,,,,,10,,,0,0,,,,,,,"UNBOARDABLE, HIDE_IN_CODEX","module_hull_bar_only, module_unselectable, module_refit_bright, no_autofit",,1,2,2,,
#,,,TAMARISK,,,,,,,,,,,,,,,,,,,,,,,,,,,,,,,,,,,,,,,,,,,,,,,,,,
Top Left,kol_tamarisk_tl,,,,0,1500,4000,1,,1,1,,50,50,50,50,50,400,NONE,,,,,,,,,,,,,,,,10,,,0,0,,,,,,,"UNBOARDABLE, HIDE_IN_CODEX","module_hull_bar_only, module_unselectable, module_refit_bright, no_autofit",,1,2,2,,
Top Right,kol_tamarisk_tr,,,,0,1500,4000,1,,1,1,,50,50,50,50,50,400,NONE,,,,,,,,,,,,,,,,10,,,0,0,,,,,,,"UNBOARDABLE, HIDE_IN_CODEX","module_hull_bar_only, module_unselectable, module_refit_bright, no_autofit",,1,2,2,,
Lower Right,kol_tamarisk_lr,,,,0,1700,2200,1,,1,1,,50,50,50,50,50,400,NONE,,,,,,,,,,,,,,,,10,,,0,0,,,,,,,"UNBOARDABLE, HIDE_IN_CODEX","module_hull_bar_only, module_unselectable, module_refit_bright, no_autofit",,1,2,2,,
Lower Left,kol_tamarisk_ll,,,,0,1700,2200,1,,1,1,,50,50,50,50,50,400,NONE,,,,,,,,,,,,,,,,10,,,0,0,,,,,,,"UNBOARDABLE, HIDE_IN_CODEX","module_hull_bar_only, module_unselectable, module_refit_bright, no_autofit",,1,2,2,,
#,,,ALYSSE,,,,,,,,,,,,,,,,,,,,,,,,,,,,,,,,,,,,,,,,,,,,,,,,,,
Top Left,kol_alysse_tl,,,kol_canister_flak,0,2500,6500,1000,,1000,1,,50,50,50,50,50,400,NONE,,,,,,,,,,,,,,,,10,,,0,0,,,,,,,"UNBOARDABLE, HIDE_IN_CODEX","module_hull_bar_only, module_unselectable, module_refit_bright, no_autofit",,1,2,2,,
Top Right,kol_alysse_tr,,,kol_canister_flak,0,2500,6500,1000,,1000,1,,50,50,50,50,50,400,NONE,,,,,,,,,,,,,,,,10,,,0,0,,,,,,,"UNBOARDABLE, HIDE_IN_CODEX","module_hull_bar_only, module_unselectable, module_refit_bright, no_autofit",,1,2,2,,
Lower Right,kol_alysse_lr,,,,0,2500,6500,1000,,1000,1,,50,50,50,50,50,400,NONE,,,,,,,,,,,,,,,,10,,,0,0,,,,,,,"UNBOARDABLE, HIDE_IN_CODEX","module_hull_bar_only, module_unselectable, module_refit_bright, no_autofit",,1,2,2,,
Lower Left,kol_alysse_ll,,,,0,2500,6500,1000,,1000,1,,50,50,50,50,50,400,NONE,,,,,,,,,,,,,,,,10,,,0,0,,,,,,,"UNBOARDABLE, HIDE_IN_CODEX","module_hull_bar_only, module_unselectable, module_refit_bright, no_autofit",,1,2,2,,
#,,,AZALEA,,,,,,,,,,,,,,,,,,,,,,,,,,,,,,,,,,,,,,,,,,,,,,,,,,
#,,,LUNARIA,,,,,,,,,,,,,,,,,,,,,,,,,,,,,,,,,,,,,,,,,,,,,,,,,,
Top Left,kol_lunaria_tl,,,,0,1800,6000,1,,1,1,,50,50,50,50,50,400,NONE,,,,,,,,,,,,,,,,10,,,0,0,,,,,,,"UNBOARDABLE, HIDE_IN_CODEX","module_hull_bar_only, module_unselectable, module_refit_bright, no_autofit",,1,2,2,,
Top Right,kol_lunaria_tr,,,,0,1800,6000,1,,1,1,,50,50,50,50,50,400,NONE,,,,,,,,,,,,,,,,10,,,0,0,,,,,,,"UNBOARDABLE, HIDE_IN_CODEX","module_hull_bar_only, module_unselectable, module_refit_bright, no_autofit",,1,2,2,,
Middle Left,kol_lunaria_ml,,,,0,1800,6000,1000,,1000,1,,50,50,50,50,50,400,NONE,,,,,,,,,,,,,,,,10,,,0,0,,,,,,,"UNBOARDABLE, HIDE_IN_CODEX","module_hull_bar_only, module_unselectable, module_refit_bright, no_autofit",,1,2,2,,
Middle Right,kol_lunaria_mr,,,,0,1800,6000,1000,,1000,1,,50,50,50,50,50,400,NONE,,,,,,,,,,,,,,,,10,,,0,0,,,,,,,"UNBOARDABLE, HIDE_IN_CODEX","module_hull_bar_only, module_unselectable, module_refit_bright, no_autofit",,1,2,2,,
Lower Left,kol_lunaria_ll,,,,0,1100,4500,1000,,1000,1,,50,50,50,50,50,400,NONE,,,,,,,,,,,,,,,,10,,,0,0,,,,,,,"UNBOARDABLE, HIDE_IN_CODEX","module_hull_bar_only, module_unselectable, module_refit_bright, no_autofit",,1,2,2,,
Lower Right,kol_lunaria_lr,,,,0,1100,4500,1000,,1000,1,,50,50,50,50,50,400,NONE,,,,,,,,,,,,,,,,10,,,0,0,,,,,,,"UNBOARDABLE, HIDE_IN_CODEX","module_hull_bar_only, module_unselectable, module_refit_bright, no_autofit",,1,2,2,,
#,,,,,,,,,,,,,,,,,,,,,,,,,,,,,,,,,,,,,,,,,,,,,,,,,,,,,
#LUDDIC PATH,,,,,,,,,,,,,,,,,,,,,,,,,,,,,,,,,,,,,,,,,,,,,,,,,,,,,
Mimosa (LP),kol_mimosa_lp,Destroyer,Luddic Path,forgevats,9,4750,700,4500,0,250,105,,80,65,50,35,55,400,PHASE,damper,,,,,,50,80,80,50,2,25,9,45000,5,12,420,0.25,14,14,,,,,,,,"special_allows_system_use, system_allows_special_use, luddic_path, rare_bp",0.5,0.4,2,3,,
Ludd's Blood,kol_boss_luddsbloat,Reckoning,Luddic Path,kol_lunge,9,4750,700,4500,0,250,105,,80,65,50,35,55,400,PHASE,canister_flak,,,,,,50,80,80,50,2,25,9,45000,5,12,420,0.25,14,14,,,,,,,HIDE_IN_CODEX,"special_allows_system_use, system_allows_special_use",0.5,0.4,2,3,,
#,,,,,,,,,,,,,,,,,,,,,,,,,,,,,,,,,,,,,,,,,,,,,,,,,,,,,
#CRUISERS,,,,,,,,,,,,,,,,,,,,,,,,,,,,,,,,,,,,,,,,,,,,,,,,,,,,,
Blaze,kol_blaze,Fast Cruiser,Luddic Path,ammofeed,18,8000,1200,9000,,400,125,2,90,65,55,25,30,1650,FRONT,,150,0.35,1,,,110,140,100,250,3,30,10,135000,4,12,540,0.25,24,24,,,,,,,ALWAYS_PANIC,"luddic_path, rare_bp",0.25,0.7,5,10,,
#,,,,,,,,,,,,,,,,,,,,,,,,,,,,,,,,,,,,,,,,,,,,,,,,,,,,,
#BOSSES,,,,,,,,,,,,,,,,,,,,,,,,,,,,,,,,,,,,,,,,,,,,,,,,,,,,,
Malleus,kol_invictus_lp,Dreadnought,Luddic Path,burndrive,40,40000,4000,40000,,600,250,,35,15,15,7,7,10000,PHASE,canister_flak,0,0,0,,,4000,6000,1000,800,23,40,7,900000,3,12,1200,0.25,60,60,,,,,,,"NEVER_DODGE_MISSILES, HIDE_IN_CODEX","no_autofit, restricted",,0.2,2,2,,
#Azalea,kol_azalea,,,,,,,,,,,,,,,,,,,,,,,,,,,,,,,,,,,,,,,,,,,,,,,,,,,,
Redemptor,kol_boss_ret_lp,Battlecruiser,Luddic Path,ammofeed,30,15000,1650,16500,,700,300,2,60,40,30,15,8,2500,FRONT,,120,0.2,1.1,,,300,400,200,300,10,30,8,400000,3,12,800,0.25,45,45,,,,,,,"UNBOARDABLE, HIDE_IN_CODEX","no_autofit, restricted",,0.5,2,4,,
#,,,,,,,,,,,,,,,,,,,,,,,,,,,,,,,,,,,,,,,,,,,,,,,,,,,,,
#STATIONS,,,,,,,,,,,,,,,,,,,,,,,,,,,,,,,,,,,,,,,,,,,,,,,,,,,,,
Battlestar Libra,kol_libra,Mobile Fortress,Knights of Ludd,mine_strike_station,300,10000,1000,15000,,400,250,,20,4,3,10,3,2000,OMNI,,360,0.5,1,,,3000,10000,2500,3000,20,50,6,5000000,2.5,15,1600,0.25,200,200,,,,,,,"SHIP_WITH_MODULES, NEVER_DODGE_MISSILES, UNBOARDABLE, HIDE_IN_CODEX","no_autofit, restricted",,0.4,2,3,,
Libra Base,kol_libra_under,Base Structure,Knights of Ludd,,1,5000,1000,0,,100,0,,0,0,0,10,10,1250,NONE,,0,0,0,,,0,0,0,0,1,0,,1,,1,1600,0.25,0,0,,,,,,,"UNDER_PARENT, UNBOARDABLE, HIDE_IN_CODEX","no_autofit, module_no_status_bar",,1,2,4,,
Libra Engine,kol_libra_rear,Engine Module,Knights of Ludd,flarelauncher,30,15000,1400,10000,,1500,300,,0,0,0,10,10,2500,NONE,,0,0,0,,,0,0,0,0,1,0,,1,,1,1600,0.25,0,0,,,,,,,"UNBOARDABLE, HIDE_IN_CODEX",no_autofit,,1,2,4,,
Libra Forward Left,kol_libra_tl,Armored Gunnery Module,Knights of Ludd,kol_lidar,40,24000,6500,6000,,1250,250,3,0,0,0,10,10,600,NONE,,0,0,0,,,0,0,0,0,1,0,,1,,1,1600,0.25,0,0,,,,,,,"UNBOARDABLE, HIDE_IN_CODEX",no_autofit,,0.5,2,3,,
Libra Forward Right,kol_libra_tr,Armored Gunnery Module,Knights of Ludd,kol_lidar,40,24000,6500,6000,,1250,250,3,0,0,0,10,10,600,NONE,,0,0,0,,,0,0,0,0,1,0,,1,,1,1600,0.25,0,0,,,,,,,"UNBOARDABLE, HIDE_IN_CODEX",no_autofit,,0.5,2,3,,
Libra Mid Left,kol_libra_ml,Gunnery Module,Knights of Ludd,ammofeed,30,10000,1000,6000,,500,170,,0,0,0,10,10,600,NONE,,0,0,0,,,0,0,0,0,1,0,,1,,1,1600,0.25,0,0,,,,,,,"UNBOARDABLE, HIDE_IN_CODEX",no_autofit,,0.5,2,3,,
Libra Mid Right,kol_libra_mr,Gunnery Module,Knights of Ludd,ammofeed,30,10000,1000,6000,,500,170,,0,0,0,10,10,600,NONE,,0,0,0,,,0,0,0,0,1,0,,1,,1,1600,0.25,0,0,,,,,,,"UNBOARDABLE, HIDE_IN_CODEX",no_autofit,,0.5,2,3,,
Libra Mid Left Flak,kol_libra_ml2,,Knights of Ludd,kol_canister_flak,5,6000,3000,1000,,1000,1,,50,50,50,50,50,400,NONE,,,,,,,,,,,,,,,,10,,,0,0,,,,,,,"UNBOARDABLE, HIDE_IN_CODEX","no_autofit, module_hull_bar_only, module_unselectable, module_refit_bright, no_autofit",,1,2,2,,
Libra Mid Right Flak,kol_libra_mr2,,Knights of Ludd,kol_canister_flak,5,6000,3000,1000,,1000,1,,50,50,50,50,50,400,NONE,,,,,,,,,,,,,,,,10,,,0,0,,,,,,,"UNBOARDABLE, HIDE_IN_CODEX","no_autofit, module_hull_bar_only, module_unselectable, module_refit_bright, no_autofit",,1,2,2,,
,,,,,,,,,,,,,,,,,,,,,,,,,,,,,,,,,,,,,,,,,,,,,,,,,,,,,
,,,,,,,,,,,,,,,,,,,,,,,,,,,,,,,,,,,,,,,,,,,,,,,,,,,,,
,,,,,,,,,,,,,,,,,,,,,,,,,,,,,,,,,,,,,,,,,,,,,,,,,,,,,
,,,,,,,,,,,,,,,,,,,,,,,,,,,,,,,,,,,,,,,,,,,,,,,,,,,,,
,,,,,,,,,,,,,,,,,,,,,,,,,,,,,,,,,,,,,,,,,,,,,,,,,,,,,
,,,,,,,,,,,,,,,,,,,,,,,,,,,,,,,,,,,,,,,,,,,,,,,,,,,,,
,,,,,,,,,,,,,,,,,,,,,,,,,,,,,,,,,,,,,,,,,,,,,,,,,,,,,
,,,,,,,,,,,,,,,,,,,,,,,,,,,,,,,,,,,,,,,,,,,,,,,,,,,,,
,,,,,,,,,,,,,,,,,,,,,,,,,,,,,,,,,,,,,,,,,,,,,,,,,,,,,
,,,,,,,,,,,,,,,,,,,,,,,,,,,,,,,,,,,,,,,,,,,,,,,,,,,,,
,,,,,,,,,,,,,,,,,,,,,,,,,,,,,,,,,,,,,,,,,,,,,,,,,,,,,
,,,,,,,,,,,,,,,,,,,,,,,,,,,,,,,,,,,,,,,,,,,,,,,,,,,,,
,,,,,,,,,,,,,,,,,,,,,,,,,,,,,,,,,,,,,,,,,,,,,,,,,,,,,
,,,,,,,,,,,,,,,,,,,,,,,,,,,,,,,,,,,,,,,,,,,,,,,,,,,,,
,,,,,,,,,,,,,,,,,,,,,,,,,,,,,,,,,,,,,,,,,,,,,,,,,,,,,
,,,,,,,,,,,,,,,,,,,,,,,,,,,,,,,,,,,,,,,,,,,,,,,,,,,,,
,,,,,,,,,,,,,,,,,,,,,,,,,,,,,,,,,,,,,,,,,,,,,,,,,,,,,
,,,,,,,,,,,,,,,,,,,,,,,,,,,,,,,,,,,,,,,,,,,,,,,,,,,,,
,,,,,,,,,,,,,,,,,,,,,,,,,,,,,,,,,,,,,,,,,,,,,,,,,,,,,
,,,,,,,,,,,,,,,,,,,,,,,,,,,,,,,,,,,,,,,,,,,,,,,,,,,,,
,,,,,,,,,,,,,,,,,,,,,,,,,,,,,,,,,,,,,,,,,,,,,,,,,,,,,
,,,,,,,,,,,,,,,,,,,,,,,,,,,,,,,,,,,,,,,,,,,,,,,,,,,,,
,,,,,,,,,,,,,,,,,,,,,,,,,,,,,,,,,,,,,,,,,,,,,,,,,,,,,
,,,,,,,,,,,,,,,,,,,,,,,,,,,,,,,,,,,,,,,,,,,,,,,,,,,,,
,,,,,,,,,,,,,,,,,,,,,,,,,,,,,,,,,,,,,,,,,,,,,,,,,,,,,
,,,,,,,,,,,,,,,,,,,,,,,,,,,,,,,,,,,,,,,,,,,,,,,,,,,,,
,,,,,,,,,,,,,,,,,,,,,,,,,,,,,,,,,,,,,,,,,,,,,,,,,,,,,
,,,,,,,,,,,,,,,,,,,,,,,,,,,,,,,,,,,,,,,,,,,,,,,,,,,,,
,,,,,,,,,,,,,,,,,,,,,,,,,,,,,,,,,,,,,,,,,,,,,,,,,,,,,
,,,,,,,,,,,,,,,,,,,,,,,,,,,,,,,,,,,,,,,,,,,,,,,,,,,,,
,,,,,,,,,,,,,,,,,,,,,,,,,,,,,,,,,,,,,,,,,,,,,,,,,,,,,
,,,,,,,,,,,,,,,,,,,,,,,,,,,,,,,,,,,,,,,,,,,,,,,,,,,,,
,,,,,,,,,,,,,,,,,,,,,,,,,,,,,,,,,,,,,,,,,,,,,,,,,,,,,
,,,,,,,,,,,,,,,,,,,,,,,,,,,,,,,,,,,,,,,,,,,,,,,,,,,,,
,,,,,,,,,,,,,,,,,,,,,,,,,,,,,,,,,,,,,,,,,,,,,,,,,,,,,
,,,,,,,,,,,,,,,,,,,,,,,,,,,,,,,,,,,,,,,,,,,,,,,,,,,,,
,,,,,,,,,,,,,,,,,,,,,,,,,,,,,,,,,,,,,,,,,,,,,,,,,,,,,
,,,,,,,,,,,,,,,,,,,,,,,,,,,,,,,,,,,,,,,,,,,,,,,,,,,,,
,,,,,,,,,,,,,,,,,,,,,,,,,,,,,,,,,,,,,,,,,,,,,,,,,,,,,
,,,,,,,,,,,,,,,,,,,,,,,,,,,,,,,,,,,,,,,,,,,,,,,,,,,,,
,,,,,,,,,,,,,,,,,,,,,,,,,,,,,,,,,,,,,,,,,,,,,,,,,,,,,
,,,,,,,,,,,,,,,,,,,,,,,,,,,,,,,,,,,,,,,,,,,,,,,,,,,,,
,,,,,,,,,,,,,,,,,,,,,,,,,,,,,,,,,,,,,,,,,,,,,,,,,,,,,
,,,,,,,,,,,,,,,,,,,,,,,,,,,,,,,,,,,,,,,,,,,,,,,,,,,,,
,,,,,,,,,,,,,,,,,,,,,,,,,,,,,,,,,,,,,,,,,,,,,,,,,,,,,
,,,,,,,,,,,,,,,,,,,,,,,,,,,,,,,,,,,,,,,,,,,,,,,,,,,,,
,,,,,,,,,,,,,,,,,,,,,,,,,,,,,,,,,,,,,,,,,,,,,,,,,,,,,
,,,,,,,,,,,,,,,,,,,,,,,,,,,,,,,,,,,,,,,,,,,,,,,,,,,,,
,,,,,,,,,,,,,,,,,,,,,,,,,,,,,,,,,,,,,,,,,,,,,,,,,,,,,
,,,,,,,,,,,,,,,,,,,,,,,,,,,,,,,,,,,,,,,,,,,,,,,,,,,,,
,,,,,,,,,,,,,,,,,,,,,,,,,,,,,,,,,,,,,,,,,,,,,,,,,,,,,
,,,,,,,,,,,,,,,,,,,,,,,,,,,,,,,,,,,,,,,,,,,,,,,,,,,,,
,,,,,,,,,,,,,,,,,,,,,,,,,,,,,,,,,,,,,,,,,,,,,,,,,,,,,
,,,,,,,,,,,,,,,,,,,,,,,,,,,,,,,,,,,,,,,,,,,,,,,,,,,,,
,,,,,,,,,,,,,,,,,,,,,,,,,,,,,,,,,,,,,,,,,,,,,,,,,,,,,
,,,,,,,,,,,,,,,,,,,,,,,,,,,,,,,,,,,,,,,,,,,,,,,,,,,,,
,,,,,,,,,,,,,,,,,,,,,,,,,,,,,,,,,,,,,,,,,,,,,,,,,,,,,
,,,,,,,,,,,,,,,,,,,,,,,,,,,,,,,,,,,,,,,,,,,,,,,,,,,,,
,,,,,,,,,,,,,,,,,,,,,,,,,,,,,,,,,,,,,,,,,,,,,,,,,,,,,
,,,,,,,,,,,,,,,,,,,,,,,,,,,,,,,,,,,,,,,,,,,,,,,,,,,,,
,,,,,,,,,,,,,,,,,,,,,,,,,,,,,,,,,,,,,,,,,,,,,,,,,,,,,
,,,,,,,,,,,,,,,,,,,,,,,,,,,,,,,,,,,,,,,,,,,,,,,,,,,,,
,,,,,,,,,,,,,,,,,,,,,,,,,,,,,,,,,,,,,,,,,,,,,,,,,,,,,
,,,,,,,,,,,,,,,,,,,,,,,,,,,,,,,,,,,,,,,,,,,,,,,,,,,,,
,,,,,,,,,,,,,,,,,,,,,,,,,,,,,,,,,,,,,,,,,,,,,,,,,,,,,
,,,,,,,,,,,,,,,,,,,,,,,,,,,,,,,,,,,,,,,,,,,,,,,,,,,,,
,,,,,,,,,,,,,,,,,,,,,,,,,,,,,,,,,,,,,,,,,,,,,,,,,,,,,
,,,,,,,,,,,,,,,,,,,,,,,,,,,,,,,,,,,,,,,,,,,,,,,,,,,,,
,,,,,,,,,,,,,,,,,,,,,,,,,,,,,,,,,,,,,,,,,,,,,,,,,,,,,
,,,,,,,,,,,,,,,,,,,,,,,,,,,,,,,,,,,,,,,,,,,,,,,,,,,,,
,,,,,,,,,,,,,,,,,,,,,,,,,,,,,,,,,,,,,,,,,,,,,,,,,,,,,
,,,,,,,,,,,,,,,,,,,,,,,,,,,,,,,,,,,,,,,,,,,,,,,,,,,,,
,,,,,,,,,,,,,,,,,,,,,,,,,,,,,,,,,,,,,,,,,,,,,,,,,,,,,
,,,,,,,,,,,,,,,,,,,,,,,,,,,,,,,,,,,,,,,,,,,,,,,,,,,,,
,,,,,,,,,,,,,,,,,,,,,,,,,,,,,,,,,,,,,,,,,,,,,,,,,,,,,
,,,,,,,,,,,,,,,,,,,,,,,,,,,,,,,,,,,,,,,,,,,,,,,,,,,,,
,,,,,,,,,,,,,,,,,,,,,,,,,,,,,,,,,,,,,,,,,,,,,,,,,,,,,
,,,,,,,,,,,,,,,,,,,,,,,,,,,,,,,,,,,,,,,,,,,,,,,,,,,,,
,,,,,,,,,,,,,,,,,,,,,,,,,,,,,,,,,,,,,,,,,,,,,,,,,,,,,
,,,,,,,,,,,,,,,,,,,,,,,,,,,,,,,,,,,,,,,,,,,,,,,,,,,,,
,,,,,,,,,,,,,,,,,,,,,,,,,,,,,,,,,,,,,,,,,,,,,,,,,,,,,
,,,,,,,,,,,,,,,,,,,,,,,,,,,,,,,,,,,,,,,,,,,,,,,,,,,,,
,,,,,,,,,,,,,,,,,,,,,,,,,,,,,,,,,,,,,,,,,,,,,,,,,,,,,
,,,,,,,,,,,,,,,,,,,,,,,,,,,,,,,,,,,,,,,,,,,,,,,,,,,,,
,,,,,,,,,,,,,,,,,,,,,,,,,,,,,,,,,,,,,,,,,,,,,,,,,,,,,
,,,,,,,,,,,,,,,,,,,,,,,,,,,,,,,,,,,,,,,,,,,,,,,,,,,,,
,,,,,,,,,,,,,,,,,,,,,,,,,,,,,,,,,,,,,,,,,,,,,,,,,,,,,
,,,,,,,,,,,,,,,,,,,,,,,,,,,,,,,,,,,,,,,,,,,,,,,,,,,,,
,,,,,,,,,,,,,,,,,,,,,,,,,,,,,,,,,,,,,,,,,,,,,,,,,,,,,
,,,,,,,,,,,,,,,,,,,,,,,,,,,,,,,,,,,,,,,,,,,,,,,,,,,,,
,,,,,,,,,,,,,,,,,,,,,,,,,,,,,,,,,,,,,,,,,,,,,,,,,,,,,
,,,,,,,,,,,,,,,,,,,,,,,,,,,,,,,,,,,,,,,,,,,,,,,,,,,,,
,,,,,,,,,,,,,,,,,,,,,,,,,,,,,,,,,,,,,,,,,,,,,,,,,,,,,
,,,,,,,,,,,,,,,,,,,,,,,,,,,,,,,,,,,,,,,,,,,,,,,,,,,,,
,,,,,,,,,,,,,,,,,,,,,,,,,,,,,,,,,,,,,,,,,,,,,,,,,,,,,
,,,,,,,,,,,,,,,,,,,,,,,,,,,,,,,,,,,,,,,,,,,,,,,,,,,,,
,,,,,,,,,,,,,,,,,,,,,,,,,,,,,,,,,,,,,,,,,,,,,,,,,,,,,
,,,,,,,,,,,,,,,,,,,,,,,,,,,,,,,,,,,,,,,,,,,,,,,,,,,,,
,,,,,,,,,,,,,,,,,,,,,,,,,,,,,,,,,,,,,,,,,,,,,,,,,,,,,
,,,,,,,,,,,,,,,,,,,,,,,,,,,,,,,,,,,,,,,,,,,,,,,,,,,,,
,,,,,,,,,,,,,,,,,,,,,,,,,,,,,,,,,,,,,,,,,,,,,,,,,,,,,
,,,,,,,,,,,,,,,,,,,,,,,,,,,,,,,,,,,,,,,,,,,,,,,,,,,,,
,,,,,,,,,,,,,,,,,,,,,,,,,,,,,,,,,,,,,,,,,,,,,,,,,,,,,
,,,,,,,,,,,,,,,,,,,,,,,,,,,,,,,,,,,,,,,,,,,,,,,,,,,,,
,,,,,,,,,,,,,,,,,,,,,,,,,,,,,,,,,,,,,,,,,,,,,,,,,,,,,
,,,,,,,,,,,,,,,,,,,,,,,,,,,,,,,,,,,,,,,,,,,,,,,,,,,,,
,,,,,,,,,,,,,,,,,,,,,,,,,,,,,,,,,,,,,,,,,,,,,,,,,,,,,
,,,,,,,,,,,,,,,,,,,,,,,,,,,,,,,,,,,,,,,,,,,,,,,,,,,,,
,,,,,,,,,,,,,,,,,,,,,,,,,,,,,,,,,,,,,,,,,,,,,,,,,,,,,
,,,,,,,,,,,,,,,,,,,,,,,,,,,,,,,,,,,,,,,,,,,,,,,,,,,,,
,,,,,,,,,,,,,,,,,,,,,,,,,,,,,,,,,,,,,,,,,,,,,,,,,,,,,
,,,,,,,,,,,,,,,,,,,,,,,,,,,,,,,,,,,,,,,,,,,,,,,,,,,,,
,,,,,,,,,,,,,,,,,,,,,,,,,,,,,,,,,,,,,,,,,,,,,,,,,,,,,
,,,,,,,,,,,,,,,,,,,,,,,,,,,,,,,,,,,,,,,,,,,,,,,,,,,,,
,,,,,,,,,,,,,,,,,,,,,,,,,,,,,,,,,,,,,,,,,,,,,,,,,,,,,
,,,,,,,,,,,,,,,,,,,,,,,,,,,,,,,,,,,,,,,,,,,,,,,,,,,,,
,,,,,,,,,,,,,,,,,,,,,,,,,,,,,,,,,,,,,,,,,,,,,,,,,,,,,
,,,,,,,,,,,,,,,,,,,,,,,,,,,,,,,,,,,,,,,,,,,,,,,,,,,,,
,,,,,,,,,,,,,,,,,,,,,,,,,,,,,,,,,,,,,,,,,,,,,,,,,,,,,
,,,,,,,,,,,,,,,,,,,,,,,,,,,,,,,,,,,,,,,,,,,,,,,,,,,,,
,,,,,,,,,,,,,,,,,,,,,,,,,,,,,,,,,,,,,,,,,,,,,,,,,,,,,
,,,,,,,,,,,,,,,,,,,,,,,,,,,,,,,,,,,,,,,,,,,,,,,,,,,,,
,,,,,,,,,,,,,,,,,,,,,,,,,,,,,,,,,,,,,,,,,,,,,,,,,,,,,
,,,,,,,,,,,,,,,,,,,,,,,,,,,,,,,,,,,,,,,,,,,,,,,,,,,,,
,,,,,,,,,,,,,,,,,,,,,,,,,,,,,,,,,,,,,,,,,,,,,,,,,,,,,
,,,,,,,,,,,,,,,,,,,,,,,,,,,,,,,,,,,,,,,,,,,,,,,,,,,,,
,,,,,,,,,,,,,,,,,,,,,,,,,,,,,,,,,,,,,,,,,,,,,,,,,,,,,
,,,,,,,,,,,,,,,,,,,,,,,,,,,,,,,,,,,,,,,,,,,,,,,,,,,,,
,,,,,,,,,,,,,,,,,,,,,,,,,,,,,,,,,,,,,,,,,,,,,,,,,,,,,
,,,,,,,,,,,,,,,,,,,,,,,,,,,,,,,,,,,,,,,,,,,,,,,,,,,,,
,,,,,,,,,,,,,,,,,,,,,,,,,,,,,,,,,,,,,,,,,,,,,,,,,,,,,
,,,,,,,,,,,,,,,,,,,,,,,,,,,,,,,,,,,,,,,,,,,,,,,,,,,,,
,,,,,,,,,,,,,,,,,,,,,,,,,,,,,,,,,,,,,,,,,,,,,,,,,,,,,
,,,,,,,,,,,,,,,,,,,,,,,,,,,,,,,,,,,,,,,,,,,,,,,,,,,,,
,,,,,,,,,,,,,,,,,,,,,,,,,,,,,,,,,,,,,,,,,,,,,,,,,,,,,
,,,,,,,,,,,,,,,,,,,,,,,,,,,,,,,,,,,,,,,,,,,,,,,,,,,,,
,,,,,,,,,,,,,,,,,,,,,,,,,,,,,,,,,,,,,,,,,,,,,,,,,,,,,
,,,,,,,,,,,,,,,,,,,,,,,,,,,,,,,,,,,,,,,,,,,,,,,,,,,,,
,,,,,,,,,,,,,,,,,,,,,,,,,,,,,,,,,,,,,,,,,,,,,,,,,,,,,
,,,,,,,,,,,,,,,,,,,,,,,,,,,,,,,,,,,,,,,,,,,,,,,,,,,,,
,,,,,,,,,,,,,,,,,,,,,,,,,,,,,,,,,,,,,,,,,,,,,,,,,,,,,
,,,,,,,,,,,,,,,,,,,,,,,,,,,,,,,,,,,,,,,,,,,,,,,,,,,,,
,,,,,,,,,,,,,,,,,,,,,,,,,,,,,,,,,,,,,,,,,,,,,,,,,,,,,
,,,,,,,,,,,,,,,,,,,,,,,,,,,,,,,,,,,,,,,,,,,,,,,,,,,,,
,,,,,,,,,,,,,,,,,,,,,,,,,,,,,,,,,,,,,,,,,,,,,,,,,,,,,
,,,,,,,,,,,,,,,,,,,,,,,,,,,,,,,,,,,,,,,,,,,,,,,,,,,,,
,,,,,,,,,,,,,,,,,,,,,,,,,,,,,,,,,,,,,,,,,,,,,,,,,,,,,
,,,,,,,,,,,,,,,,,,,,,,,,,,,,,,,,,,,,,,,,,,,,,,,,,,,,,
,,,,,,,,,,,,,,,,,,,,,,,,,,,,,,,,,,,,,,,,,,,,,,,,,,,,,
,,,,,,,,,,,,,,,,,,,,,,,,,,,,,,,,,,,,,,,,,,,,,,,,,,,,,
,,,,,,,,,,,,,,,,,,,,,,,,,,,,,,,,,,,,,,,,,,,,,,,,,,,,,
,,,,,,,,,,,,,,,,,,,,,,,,,,,,,,,,,,,,,,,,,,,,,,,,,,,,,
,,,,,,,,,,,,,,,,,,,,,,,,,,,,,,,,,,,,,,,,,,,,,,,,,,,,,
"# If you’re reading this, please don’t post spoilers.",,,,,,,,,,,,,,,,,,,,,,,,,,,,,,,,,,,,,,,,,,,,,,,,,,,,,
#DRONES,,,,,,,,,,,,,,,,,,,,,,,,,,,,,,,,,,,,,,,,,,,,,,,,,,,,,
Ion Drone,ion_drone,,Low Tech,flarelauncher_fighter,,750,100,80,,10,0,,200,400,350,150,300,30,NONE,,0,0,0,,,0,0,,,,,,,,,,,,,,,,,,,,,,0,,,,104
Shield Drone,shield_drone,,High Tech,,,450,50,600,,50,0,,160,300,250,150,300,30,FRONT,,180,0,0.5,,,0,0,,,,,,,,,,,,,,,,,,,,,,0,,,,103
Chiwen,zea_dawn_chiwen,,Dawntide,,,900,100,2000,,100,0,,200,400,300,150,300,30,FRONT,,90,0,1,,,0,0,,,,,,,,,,,,,,,,,,,,,,0,,,,
Shachi,zea_edf_shachi,,Elysia,zea_edf_smartflare,,750,100,2000,,100,0,,200,400,300,150,300,30,FRONT,,90,0,1,,,0,0,,,,,,,,,,,,,,,,,,,,,,0,,,,
Shachihoko,zea_edf_shachihoko,,Elysia,zea_edf_smartflare,,750,100,4000,,100,0,,400,400,300,150,300,30,FRONT,,360,0,1,,,0,0,,,,,,,,,,,,,,,,,,,,,,0,,,,
Kitsunebi,zea_edf_kitsunebi,,Elysia,,,650,120,200,,50,0,,175,325,265,215,325,27,FRONT,,160,0,1,,,0,0,,,,,,,,,,,,,,,,,,,,,,0,,,,
Kokakucho,zea_edf_kokakucho,,Elysia,,,500,140,300,,50,0,,175,325,265,175,325,40,FRONT,,160,0,1,,,0,0,,,,,,,,,,,,,,,,,,,,,,0,,,,
Itsumade,zea_edf_itsumade,,Elysia,zea_edf_smartflare,,800,200,400,,50,0,,200,325,300,260,325,27,FRONT,,160,0,1,,,0,0,,,,,,,,,,,,,,,,,,,,,,0,,,,
Onmoraki,zea_edf_onmoraki,,Elysia,,,600,140,400,,50,0,,300,600,600,300,600,35,FRONT,,160,0,1,,,0,0,,,,,,,,,,,,,,,,,,,,,,0,,,,
#FRIGATES,,,,,,,,,,,,,,,,,,,,,,,,,,,,,,,,,,,,,,,,,,,,,,,,,,,,,
Ikiryo,zea_dusk_ikiryo,Living Soul,Dusk,entropyamplifier,9,1500,400,3000,,325,50,,100,100,100,65,120,280,PHASE,zea_dusk_phasecloak,90,,,0.04,0.05,5,10,25,50,1,50,10,42000,8,30,200,0.25,10,10,,,,,,,"UNBOARDABLE, HIDE_IN_CODEX, PHASE","auto_rec, restricted",,0.5,2,2,,
Onibi,zea_dusk_onibi,Verse,Dusk,emp,7,1100,250,3000,,260,50,,140,220,175,120,360,100,OMNI,,360,0.3,0.5,,,10,20,30,20,1,20,10,33000,10,20,200,0.25,6,6,,,,,,,"UNBOARDABLE, HIDE_IN_CODEX","auto_rec, restricted",,0.5,2,2,,205
#DESTROYERS,,,,,,,,,,,,,,,,,,,,,,,,,,,,,,,,,,,,,,,,,,,,,,,,,,,,,
Shiryo,zea_dusk_shiryo,Melody,Dusk,acausaldisruptor,14,4000,450,5000,,500,80,,90,75,40,40,30,450,PHASE,zea_dusk_phasecloak,90,,,0.05,0.05,25,50,60,100,2,50,9,120000,5,30,300,0.25,18,18,,,,,,,"UNBOARDABLE, HIDE_IN_CODEX, PHASE","auto_rec, restricted",,0.5,2,3,,314
Furaribi,zea_dusk_furaribi,Aria,Dusk,displacer,12,3000,300,6000,6667,400,100,,100,90,60,40,100,300,OMNI,,120,0.3,0.6,,,35,50,50,40,2,20,9,60000,5,20,300,0.25,12,12,,,,,,,"UNBOARDABLE, HIDE_IN_CODEX","auto_rec, restricted",,0.7,2,3,,
Lushu,zea_dawn_lushu,Glare,Dawntide,zea_dawn_flare_wave,14,5500,700,4500,,300,120,1,85,75,50,40,50,500,OMNI,,150,0.4,0.9,,,0,0,80,60,2,30,10,50000,5,15,420,0.25,16,16,,,,,,,"UNBOARDABLE, HIDE_IN_CODEX","auto_rec, restricted",,0.5,2,3,,
Xuangui,zea_dawn_xuangui,Aglow,Dawntide,zea_dawn_targeting_beam,12,4000,400,4000,,200,75,,60,50,25,35,20,500,OMNI,,270,0.4,0.9,,,0,0,40,60,2,30,10,50000,5,15,420,0.25,16,16,,,,,,,"CARRIER, COMBAT, NO_AUTO_ESCORT, UNBOARDABLE, HIDE_IN_CODEX","auto_rec, restricted",,0.5,2,3,,
#CRUISERS,,,,,,,,,,,,,,,,,,,,,,,,,,,,,,,,,,,,,,,,,,,,,,,,,,,,,
Funayurei,zea_dusk_funayurei,Hymn,Dusk,zea_dusk_subspace_glide,20,8000,800,9000,,700,135,,80,60,40,35,30,1000,FRONT,,300,0.2,0.7,0.05,0.05,25,50,60,100,2,50,9,120000,5,20,300,0.25,20,20,,,,,,,"UNBOARDABLE, HIDE_IN_CODEX","auto_rec, restricted",,0.5,2,3,,314
Onryo,zea_dusk_onryo,Anthem,Dusk,zea_dusk_phase_skip,24,11500,1150,14000,,900,170,,75,55,40,30,25,1200,FRONT,,120,0.2,0.7,0.05,0.05,50,100,120,150,3,50,8,250000,4,20,420,0.25,35,35,,,,,,,"UNBOARDABLE, HIDE_IN_CODEX, PHASE","auto_rec, restricted",,0.5,2,3,,
Hashihime,zea_dusk_hashihime,Refrain,Dusk,mine_strike,24,9000,1250,10500,,900,155,,75,55,40,25,25,1200,PHASE,zea_dusk_phasecloak,,,,0.05,0.05,50,100,120,150,3,50,8,250000,4,30,420,0.25,35,35,,,,,,,"UNBOARDABLE, HIDE_IN_CODEX, PHASE","auto_rec, restricted",,0.5,2,3,,
Bixi,zea_dawn_bixi,Tide,Dawntide,zea_dawn_damper,18,12000,1300,10000,,600,160,,60,35,30,30,25,1600,OMNI,,180,0.4,0.9,,,0,0,120,90,3,30,9,140000,4,15,540,0.25,25,25,,,,,,,"UNBOARDABLE, HIDE_IN_CODEX","auto_rec, restricted",,0.5,2,3,,
Tianma,zea_dawn_tianma,Vestige,Dawntide,reservewing,22,11000,1100,8000,,400,150,3,60,35,30,25,20,2100,OMNI,,120,0.4,0.9,,,0,0,120,90,3,30,9,170000,4,15,540,0.25,24,24,,,,,,,"UNBOARDABLE, HIDE_IN_CODEX","auto_rec, restricted",,0.5,2,3,,
#CAPITALS,,,,,,,,,,,,,,,,,,,,,,,,,,,,,,,,,,,,,,,,,,,,,,,,,,,,,
Ayakashi,zea_dusk_ayakashi,Lullaby,Dusk,zea_dusk_phase_skip,36,16000,1100,26000,,1200,340,2,40,45,30,15,16,3300,FRONT,,80,0.3,0.7,,,50,100,500,500,10,30,7,750000,4,20,720,0.25,60,60,,,,,,,"UNBOARDABLE, HIDE_IN_CODEX","auto_rec, restricted",,,,,,
Linggui,zea_dawn_linggui,Daybreak,Dawntide,zea_dawn_flare_burn,26,22000,1750,17000,,800,310,,50,30,30,20,20,3500,FRONT,,120,0.4,1,,,0,0,300,400,15,27,7,350000,3,12,720,0.25,46,46,,,,,,,"UNBOARDABLE, HIDE_IN_CODEX","auto_rec, restricted",,0.4,2,4,,
Ao,zea_dawn_ao,Sunrise,Dawntide,zea_dawn_small_flux_negation,36,26500,2000,23000,,1200,360,2,25,10,10,10,10,3500,FRONT,,120,0.4,1,,,0,0,300,400,15,27,7,350000,3,12,720,0.25,60,60,,,,,,,"UNBOARDABLE, HIDE_IN_CODEX","auto_rec, restricted",,0.4,2,4,,
Qilin,zea_dawn_qilin,Starlight,Dawntide,zea_dawn_gracious_light,30,20000,1650,12000,,750,330,4,30,15,15,12,12,3500,OMNI,,120,0.4,0.9,,,0,0,300,300,15,20,7,375000,3,12,720,0.25,40,40,,,,,,,"CARRIER, COMBAT, NO_AUTO_ESCORT, UNBOARDABLE, HIDE_IN_CODEX","auto_rec, restricted",,0.4,3,5,,
#,,,,,,,,,,,,,,,,,,,,,,,,,,,,,,,,,,,,,,,,,,,,,,,,,,,,,
#Elysia,,,,,,,,,,,,,,,,,,,,,,,,,,,,,,,,,,,,,,,,,,,,,,,,,,,,,
#,,,,,,,,,,,,,,,,,,,,,,,,,,,,,,,,,,,,,,,,,,,,,,,,,,,,,
Wani,zea_edf_wani,Empyrean Frigate,Elysia,zea_edf_minijump,8,1750,250,2500,,180,50,,140,120,100,45,90,200,FRONT,,120,0.4,0.8,,,1,1,40,25,1,25,10,10000,8,10,220,0.25,7,7,,,,,,,"UNBOARDABLE, HIDE_IN_CODEX","auto_rec, restricted",,0.5,2,2,,
Suzaku,zea_edf_suzaku,Empyrean Destroyer,Elysia,zea_edf_minijump,16,4000,400,5500,,400,105,,115,80,60,30,30,400,FRONT,,120,0.4,0.8,,,1,15,80,50,2,25,9,45000,6,15,300,0.25,12,12,,,,,,,"UNBOARDABLE, HIDE_IN_CODEX","auto_rec, restricted",,0.5,2,3,,
Mizuchi,zea_edf_mizuchi,Empyrean Cruiser,Elysia,zea_edf_synchronized_ammo_feed,18,8000,900,11000,,550,155,3,80,40,30,15,20,1200,FRONT,,80,0.4,0.7,,,3,200,150,100,3,33,8,100000,6,12,480,0.25,24,24,,,,,,,"CARRIER, COMBAT, NO_AUTO_ESCORT, UNBOARDABLE, HIDE_IN_CODEX","auto_rec, restricted",,0.5,2,3,,
Seiryu,zea_edf_seiryu,Empyrean Cruiser,Elysia,zea_edf_twinshield,16,6000,750,7000,,600,155,,90,70,50,20,25,650,OMNI,,120,0.4,0.8,,,2,60,120,100,3,33,9,80000,6,12,480,0.25,20,20,,,,,,,"UNBOARDABLE, HIDE_IN_CODEX","auto_rec, restricted",,0.5,2,3,,
Kiyohime,zea_edf_kiyohime,Empyrean Carrier,Elysia,zea_edf_plasmafighters,32,12000,1000,18000,,800,280,5,50,15,20,12,12,2800,FRONT,,90,0.4,0.8,,,3,550,300,300,8,25,8,390000,4,15,600,0.25,50,50,,,,,,,"CARRIER, COMBAT, NO_AUTO_ESCORT, UNBOARDABLE, HIDE_IN_CODEX","auto_rec, restricted",,,,,,
Ryujin,zea_edf_ryujin,Empyrean Battleship,Elysia,zea_edf_fortress_flux_converter,34,16000,1350,24000,,1350,330,4,55,35,20,15,16,3250,FRONT,,80,0.4,0.8,,,3,300,250,400,10,40,8,500000,4,15,720,0.25,60,60,,,,,,,"CARRIER, COMBAT, NO_AUTO_ESCORT, UNBOARDABLE, HIDE_IN_CODEX","auto_rec, restricted",,0.4,4,7,,
#,,,,,,,,,,,,,,,,,,,,,,,,,,,,,,,,,,,,,,,,,,,,,,,,,,,,,
Tamamo,zea_edf_tamamo,Empyrean Superfrigate,Elysia,zea_edf_bullet_time_field,12,1600,450,1600,,210,65,1,190,200,175,125,350,200,FRONT,,120,0.22,0.8,,,1,1,25,20,1,20,12,250000,8,20,240,0.25,15,15,,,,,,,"UNBOARDABLE, HIDE_IN_CODEX","auto_rec, no_autofit, restricted",0,0.7,3,4,,
#,,,,,,,,,,,,,,,,,,,,,,,,,,,,,,,,,,,,,,,,,,,,,,,,,,,,,
#UNIQUE BOSS SHIPS,,,,,,,,,,,,,,,,,,,,,,,,,,,,,,,,,,,,,,,,,,,,,,,,,,,,,
#,,,,,,,,,,,,,,,,,,,,,,,,,,,,,,,,,,,,,,,,,,,,,,,,,,,,,
Ninaya,zea_boss_ninaya,Prototype,High Tech,zea_dusk_phaseteleporter,15,2500,250,8000,,500,70,,130,190,165,60,120,325,FRONT,,360,0.6,0.55,,,1,1,7,10,1,15,11,150000,8,50,300,0.25,22,22,,,,,,,HIDE_IN_CODEX,"no_autofit, restricted",0.5,0.75,2,2,,
Ninmah,zea_boss_ninmah,Prototype,High Tech,acausaldisruptor,30,5500,1250,11000,,900,160,,75,55,40,20,25,1200,PHASE,zea_dusk_phasecloak,,,,0.03,0.04,75,125,100,125,2,50,9,350000,6,50,500,0.25,40,40,,,,,,,"HIDE_IN_CODEX, PHASE","no_autofit, restricted",,0.5,2,3,,
Nineveh,zea_boss_nineveh,Prototype,High Tech,mine_strike,45,12000,1300,14000,,1100,245,,50,60,60,20,40,2000,PHASE,zea_dusk_phasecloak,,,,0.03,0.04,175,350,175,400,8,50,8,850000,5,50,800,0.25,55,55,,,,,,,"HIDE_IN_CODEX, PHASE","no_autofit, restricted",,0.4,2,3,,
Yukionna,zea_boss_yukionna,A Thousand Voices Sing in Silence,Dusk,zea_dusk_phase_skip,75,24000,1500,25000,,1350,400,,40,15,15,12,12,3500,FRONT,,270,0.5,0.5,,,300,750,300,300,10,30,7,1999999,4,20,1200,0.25,60,60,,,,,,,"HIDE_IN_CODEX, PHASE","no_autofit, restricted",,0.6,2,4,,
Nian,zea_boss_nian,A Light Shining in Darkness,Dawntide,zea_boss_supernova,75,40000,2250,30000,,3250,415,3,20,8,8,12,8,6000,FRONT,,120,0.666,2,,,0,0,500,400,20,10,5,2999999,2,12,1200,0.25,65,65,,,,,,,HIDE_IN_CODEX,"no_autofit, restricted",,,,,,
The Corrupting Heart,zea_boss_corruptingheart,Sublime Empyrean,Elysia,zea_boss_corruptionjets,60,16000,1150,25000,,1300,340,7,50,30,25,20,18,3000,OMNI,,120,0.4,0.6,,,0,0,250,400,10,40,8,500000,3,15,1200,0.25,60,60,,,,,,,"CARRIER, COMBAT, NO_AUTO_ESCORT, HIDE_IN_CODEX","no_autofit, restricted",,0.4,4,7,,
Amaterasu,zea_boss_amaterasu,Radiant Empyrean,Elysia,zea_edf_relativisticdrift,60,12000,1150,20000,,1500,340,2,55,30,25,16,18,3000,OMNI,,120,0.4,0.6,,,0,0,250,400,10,40,8,500000,3,15,1200,0.25,60,60,,,,,,,"CARRIER, COMBAT, NO_AUTO_ESCORT, HIDE_IN_CODEX","no_autofit, restricted",,0.4,4,7,,
